4294967278,172
4294967278,171
4294967278,170
4294967278,169
4294967294,966
4294967294,964
4294967294,963
4294967294,30
4294967294,941
4294967294,933
4294967294,922
4294967294,436
4294967294,317
4294967294,316
4294967294,60
4294967294,81
4294967278,360
4294967278,167
4294967278,166
31,4
4294967278,165
31,3
31,2
31,1
4294967278,359
4294967294,9
4294967294,437
4294967294,427
4294967278,164
4294967278,163
4294967278,162
30,4
30,3
30,2
30,1
4294967278,161
4294967278,160
4294967278,159
4294967278,312
4294967278,158
29,6
4294967278,155
4294967278,358
29,5
29,4
29,3
29,2
29,1
4294967279,303
4294967279,148
4294967294,1415
4294967294,399
4294967294,948
4294967294,179
4294967294,384
4294967294,168
4294967294,444
4294967294,411
4294967294,459
4294967279,548
4294967279,547
28,5
28,4
28,3
28,2
28,1
4294967279,145
4294967279,546
4294967278,357
4294967279,141
27,5
27,4
27,3
27,2
27,1
4294967279,272
4294967279,545
26,5
4294967279,271
26,4
26,3
26,2
26,1
4294967279,270
4294967294,75
4294967294,97
4294967279,265
4294967279,278
4294967279,259
4294967279,275
4294967279,273
4294967279,295
4294967279,294
4294967279,274
4294967279,544
4294967278,356
4294967279,543
4294967279,253
4294967279,281
4294967278,355
4294967279,542
4294967294,115
4294967278,354
4294967278,353
4294967278,352
4294967279,541
4294967279,540
4294967278,256
4294967279,539
4294967279,538
4294967278,351
4294967279,537
4294967278,350
25,4
4294967279,536
25,3
25,2
25,1
4294967279,535
4294967278,349
4294967279,534
4294967278,348
4294967279,533
4294967278,254
4294967279,532
24,4
4294967278,347
4294967278,346
24,3
24,2
24,1
4294967278,252
4294967278,253
4294967278,246
4294967279,531
4294967278,249
4294967278,247
23,6
4294967294,392
4294967278,244
4294967278,245
4294967278,242
23,5
4294967278,238
23,4
4294967278,237
23,3
23,2
23,1
4294967278,345
4294967278,236
4294967278,230
4294967278,233
4294967278,231
22,5
4294967278,228
4294967278,226
22,4
22,3
22,2
22,1
4294967278,224
4294967278,223
4294967278,220
4294967278,218
4294967278,219
4294967278,216
21,5
4294967279,530
4294967278,213
21,4
4294967278,212
21,3
21,2
21,1
4294967278,344
4294967278,211
4294967294,389
4294967294,114
4294967278,208
4294967279,529
4294967278,343
4294967278,342
20,5
4294967278,207
4294967278,206
20,4
20,3
20,2
20,1
4294967279,528
4294967278,205
4294967294,17
4294967294,41
4294967278,202
4294967294,89
19,4
4294967278,201
19,3
19,2
19,1
4294967278,341
0,7
4294967278,200
4294967279,527
4294967278,340
4294967279,526
4294967294,409
4294967294,407
4294967294,385
4294967294,919
4294967294,167
4294967294,412
4294967294,111
4294967294,160
4294967278,339
4294967278,197
4294967278,338
4294967279,525
4294967279,524
4294967278,337
4294967279,523
4294967278,336
4294967279,522
4294967279,521
4294967278,335
4294967278,334
4294967279,520
4294967278,333
4294967278,191
4294967278,332
4294967279,519
4294967279,518
4294967278,331
0,5
4294967279,517
4294967279,516
4294967278,330
4294967278,329
4294967279,515
4294967278,328
4294967278,186
4294967278,327
4294967279,514
4294967294,46
4294967294,1
4294967279,513
4294967294,2
4294967294,0
4294967278,326
2,2
4294967279,512
4294967278,325
4294967294,91
4294967294,87
4294967294,84
4294967294,950
4294967294,921
4294967294,949
4294967294,29
4294967294,419
4294967294,28
4294967294,27
4294967294,946
4294967294,26
4294967294,53
4294967294,96
4294967294,94
4294967279,319
4294967294,8
4294967279,318
4294967279,0
4294967278,324
4294967278,260
4294967278,0
4294967294,22
4294967294,25
4294967294,942
4294967294,939
4294967294,938
4294967294,318
4294967294,315
4294967294,967
4294967294,965
4294967294,962
4294967294,961
4294967294,960
4294967294,918
4294967294,917
4294967294,916
4294967294,914
4294967294,912
4294967294,911
4294967294,910
4294967294,907
4294967294,902
4294967294,901
4294967294,900
4294967294,899
4294967294,421
4294967294,401
4294967294,173
4294967294,170
4294967294,162
4294967294,161
4294967294,469
4294967294,50
4294967294,1416
4294967294,417
4294967294,470
4294967294,920
4294967294,93
4294967294,95
4294967294,67
4294967278,132
4294967278,131
4294967278,130
4294967278,129
4294967278,128
4294967278,127
4294967278,126
4294967278,125
4294967278,124
4294967278,123
4294967278,122
4294967278,121
4294967278,120
4294967278,119
4294967278,118
4294967278,117
4294967278,116
4294967278,115
4294967278,114
4294967278,113
4294967278,112
4294967278,111
4294967278,110
4294967278,109
4294967278,108
4294967278,107
4294967278,106
4294967278,105
4294967278,104
4294967278,103
4294967278,102
4294967278,101
4294967278,100
4294967278,99
4294967278,98
4294967278,97
4294967278,96
4294967278,95
4294967278,94
4294967278,93
4294967278,92
4294967278,91
4294967278,90
4294967278,89
4294967278,87
4294967278,86
4294967278,85
4294967278,84
4294967278,83
4294967278,82
4294967278,81
4294967278,80
4294967278,79
4294967278,78
4294967278,77
4294967278,76
4294967278,75
4294967278,74
4294967278,73
4294967278,72
4294967278,71
4294967278,70
4294967278,69
4294967278,68
4294967278,67
4294967278,66
4294967278,65
4294967278,64
4294967278,63
4294967278,62
4294967278,61
4294967278,60
4294967278,59
4294967278,58
4294967278,57
4294967278,56
4294967278,55
4294967278,54
4294967278,53
4294967278,52
4294967278,51
4294967278,50
4294967278,49
4294967278,48
4294967278,47
4294967278,46
4294967278,45
4294967278,44
4294967278,43
4294967278,42
4294967278,41
4294967279,39
4294967279,38
4294967279,35
4294967279,33
4294967279,31
4294967279,30
4294967279,29
4294967279,23
4294967279,21
4294967279,19
4294967279,15
4294967279,14
4294967279,12
4294967279,11
4294967279,9
4294967279,8
4294967279,7
4294967279,6
4294967279,5
4294967279,4
4294967294,18
4294967294,20
4294967294,12
4294967294,11
4294967294,68
